    0.0 1.217E-03  293.4
    1.0 1.099E-03  289.0
    2.0 9.939E-04  283.8
    3.0 8.993E-04  277.8
    4.0 8.134E-04  271.3
    5.0 7.350E-04  264.4
    6.0 6.628E-04  257.3
    7.0 5.963E-04  250.1
    8.0 5.347E-04  243.0
    9.0 4.777E-04  235.9
   10.0 4.251E-04  229.1
   11.0 3.764E-04  222.5
   12.0 3.313E-04  216.6
   13.0 2.893E-04  211.6
   14.0 2.506E-04  207.8
   15.0 2.151E-04  205.4
   16.0 1.831E-04  204.5
   17.0 1.548E-04  204.8
   18.0 1.305E-04  206.1
   19.0 1.098E-04  207.9
   20.0 9.247E-05  209.9
   21.0 7.805E-05  211.7
   22.0 6.602E-05  213.5
   23.0 5.595E-05  215.1
   24.0 4.749E-05  216.6
   25.0 4.037E-05  218.1
   26.0 3.436E-05  219.5
   27.0 2.927E-05  221.1
   28.0 2.495E-05  222.6
   29.0 2.128E-05  224.4
   30.0 1.817E-05  226.3
   31.0 1.551E-05  228.4
   32.0 1.325E-05  230.9
   33.0 1.132E-05  233.7
   34.0 9.684E-06  236.6
   35.0 8.296E-06  239.7
   36.0 7.120E-06  242.9
   37.0 6.122E-06  246.1
   38.0 5.275E-06  249.3
   39.0 4.556E-06  252.4
   40.0 3.944E-06  255.4
   41.0 3.423E-06  258.1
   42.0 2.979E-06  260.5
   43.0 2.599E-06  262.5
   44.0 2.274E-06  264.0
   45.0 1.995E-06  265.0
   46.0 1.755E-06  265.4
   47.0 1.548E-06  265.2
   48.0 1.367E-06  264.5
   49.0 1.208E-06  263.5
   50.0 1.069E-06  262.1
   51.0 9.460E-07  260.5
   52.0 8.370E-07  258.7
   53.0 7.402E-07  256.8
   54.0 6.541E-07  255.0
   55.0 5.774E-07  253.2
   56.0 5.090E-07  251.4
   57.0 4.482E-07  249.8
   58.0 3.941E-07  248.4
   59.0 3.463E-07  247.0
   60.0 3.039E-07  245.6
   61.0 2.664E-07  244.4
   62.0 2.334E-07  243.2
   63.0 2.042E-07  242.1
   64.0 1.785E-07  241.1
   65.0 1.559E-07  240.1
   66.0 1.360E-07  239.2
   67.0 1.187E-07  238.3
   68.0 1.034E-07  237.4
   69.0 9.009E-08  236.6
   70.0 7.844E-08  235.8
   71.0 6.826E-08  235.1
   72.0 5.937E-08  234.3
   73.0 5.162E-08  233.4
   74.0 4.503E-08  231.8
   75.0 3.937E-08  229.4
   76.0 3.446E-08  226.3
   77.0 3.018E-08  222.7
   78.0 2.641E-08  218.6
   79.0 2.309E-08  214.3
   80.0 2.015E-08  209.8
   81.0 1.754E-08  205.2
   82.0 1.522E-08  200.6
   83.0 1.316E-08  196.1
   84.0 1.133E-08  191.6
   85.0 9.717E-09  187.4
   86.0 8.296E-09  183.4
   87.0 7.050E-09  179.6
   88.0 5.963E-09  176.0
   89.0 5.020E-09  172.8
   90.0 4.207E-09  169.9
   91.0 3.510E-09  167.3
   92.0 2.915E-09  165.0
   93.0 2.409E-09  163.2
   94.0 1.983E-09  161.9
   95.0 1.626E-09  161.1
   96.0 1.327E-09  160.9
   97.0 1.080E-09  161.3
   98.0 8.761E-10  162.5
   99.0 7.086E-10  164.5
  100.0 5.718E-10  167.5
  101.0 4.606E-10  171.7
  102.0 3.709E-10  177.0
  103.0 2.990E-10  183.5
  104.0 2.416E-10  191.2
  105.0 1.959E-10  200.2
  106.0 1.595E-10  210.3
  107.0 1.306E-10  221.5
  108.0 1.076E-10  233.8
  109.0 8.925E-11  247.0
  110.0 7.468E-11  260.6
  111.0 6.308E-11  274.3
  112.0 5.376E-11  287.9
  113.0 4.620E-11  301.2
  114.0 4.001E-11  314.3
  115.0 3.490E-11  327.0
  116.0 3.064E-11  339.4
  117.0 2.705E-11  351.5
  118.0 2.401E-11  363.3
  119.0 2.140E-11  375.1
  120.0 1.914E-11  386.9
  121.0 1.717E-11  399.0
  122.0 1.544E-11  411.7
  123.0 1.390E-11  425.4
  124.0 1.254E-11  439.4
  125.0 1.135E-11  453.6
  126.0 1.032E-11  467.4
  127.0 9.422E-12  480.7
  128.0 8.629E-12  493.6
  129.0 7.929E-12  506.1
  130.0 7.307E-12  518.1
  131.0 6.753E-12  529.9
  132.0 6.257E-12  541.2
  133.0 5.811E-12  552.2
  134.0 5.408E-12  562.8
  135.0 5.045E-12  573.1
  136.0 4.714E-12  583.1
  137.0 4.414E-12  592.8
  138.0 4.139E-12  602.1
  139.0 3.888E-12  611.2
  140.0 3.658E-12  620.0
  141.0 3.447E-12  628.5
  142.0 3.252E-12  636.7
  143.0 3.072E-12  644.7
  144.0 2.905E-12  652.5
  145.0 2.751E-12  660.0
  146.0 2.608E-12  667.2
  147.0 2.475E-12  674.2
  148.0 2.350E-12  681.0
  149.0 2.235E-12  687.6
  150.0 2.127E-12  694.0
  151.0 2.025E-12  700.2
  152.0 1.931E-12  706.2
  153.0 1.842E-12  712.0
  154.0 1.758E-12  717.6
  155.0 1.680E-12  723.1
  156.0 1.606E-12  728.4
  157.0 1.536E-12  733.5
  158.0 1.470E-12  738.4
  159.0 1.408E-12  743.2
  160.0 1.350E-12  747.9
  161.0 1.294E-12  752.4
  162.0 1.241E-12  756.8
  163.0 1.191E-12  761.0
  164.0 1.144E-12  765.1
  165.0 1.099E-12  769.1
  166.0 1.057E-12  772.9
  167.0 1.016E-12  776.6
  168.0 9.778E-13  780.2
  169.0 9.411E-13  783.7
  170.0 9.062E-13  787.1
  171.0 8.729E-13  790.4
  172.0 8.411E-13  793.6
  173.0 8.108E-13  796.7
  174.0 7.818E-13  799.7
  175.0 7.541E-13  802.5
  176.0 7.277E-13  805.4
  177.0 7.024E-13  808.1
  178.0 6.782E-13  810.7
  179.0 6.550E-13  813.3
  180.0 6.327E-13  815.7
  181.0 6.115E-13  818.1
  182.0 5.910E-13  820.4
  183.0 5.715E-13  822.7
  184.0 5.527E-13  824.9
  185.0 5.346E-13  827.0
  186.0 5.173E-13  829.0
  187.0 5.006E-13  831.0
  188.0 4.846E-13  832.9
  189.0 4.693E-13  834.8
  190.0 4.545E-13  836.6
  191.0 4.402E-13  838.3
  192.0 4.265E-13  840.0
  193.0 4.133E-13  841.7
  194.0 4.006E-13  843.3
  195.0 3.884E-13  844.8
  196.0 3.766E-13  846.3
  197.0 3.652E-13  847.8
  198.0 3.543E-13  849.2
  199.0 3.437E-13  850.5
  200.0 3.335E-13  851.8
  201.0 3.236E-13  853.1
  202.0 3.141E-13  854.3
  203.0 3.050E-13  855.6
  204.0 2.961E-13  856.7
  205.0 2.875E-13  857.8
  206.0 2.793E-13  858.9
  207.0 2.713E-13  860.0
  208.0 2.636E-13  861.0
  209.0 2.561E-13  862.0
  210.0 2.489E-13  863.0
  211.0 2.419E-13  863.9
  212.0 2.351E-13  864.8
  213.0 2.286E-13  865.7
  214.0 2.223E-13  866.5
  215.0 2.161E-13  867.4
  216.0 2.102E-13  868.2
  217.0 2.045E-13  868.9
  218.0 1.989E-13  869.7
  219.0 1.935E-13  870.4
  220.0 1.883E-13  871.1
  221.0 1.832E-13  871.8
  222.0 1.783E-13  872.5
  223.0 1.736E-13  873.1
  224.0 1.690E-13  873.7
  225.0 1.645E-13  874.4
  226.0 1.602E-13  874.9
  227.0 1.560E-13  875.5
  228.0 1.519E-13  876.1
  229.0 1.479E-13  876.6
  230.0 1.441E-13  877.1
  231.0 1.404E-13  877.6
  232.0 1.367E-13  878.1
  233.0 1.332E-13  878.6
  234.0 1.298E-13  879.0
  235.0 1.265E-13  879.5
  236.0 1.233E-13  879.9
  237.0 1.202E-13  880.3
  238.0 1.171E-13  880.7
  239.0 1.142E-13  881.1
  240.0 1.113E-13  881.5
  241.0 1.086E-13  881.9
  242.0 1.058E-13  882.2
  243.0 1.032E-13  882.6
  244.0 1.007E-13  882.9
  245.0 9.818E-14  883.2
  246.0 9.577E-14  883.5
  247.0 9.342E-14  883.8
  248.0 9.113E-14  884.1
  249.0 8.891E-14  884.4
  250.0 8.675E-14  884.7
  251.0 8.465E-14  885.0
  252.0 8.260E-14  885.2
  253.0 8.061E-14  885.5
  254.0 7.868E-14  885.7
  255.0 7.679E-14  886.0
  256.0 7.496E-14  886.2
  257.0 7.317E-14  886.4
  258.0 7.144E-14  886.6
  259.0 6.974E-14  886.9
  260.0 6.810E-14  887.1
  261.0 6.649E-14  887.3
  262.0 6.493E-14  887.5
  263.0 6.341E-14  887.6
  264.0 6.192E-14  887.8
  265.0 6.048E-14  888.0
  266.0 5.907E-14  888.2
  267.0 5.770E-14  888.3
  268.0 5.637E-14  888.5
  269.0 5.507E-14  888.6
  270.0 5.380E-14  888.8
  271.0 5.256E-14  888.9
  272.0 5.136E-14  889.1
  273.0 5.019E-14  889.2
  274.0 4.904E-14  889.4
  275.0 4.793E-14  889.5
  276.0 4.684E-14  889.6
  277.0 4.578E-14  889.7
  278.0 4.474E-14  889.8
  279.0 4.373E-14  890.0
  280.0 4.275E-14  890.1
  281.0 4.179E-14  890.2
  282.0 4.086E-14  890.3
  283.0 3.994E-14  890.4
  284.0 3.905E-14  890.5
  285.0 3.818E-14  890.6
  286.0 3.734E-14  890.7
  287.0 3.651E-14  890.8
  288.0 3.570E-14  890.8
  289.0 3.492E-14  890.9
  290.0 3.415E-14  891.0
  291.0 3.340E-14  891.1
  292.0 3.267E-14  891.2
  293.0 3.195E-14  891.2
  294.0 3.125E-14  891.3
  295.0 3.057E-14  891.4
  296.0 2.991E-14  891.5
  297.0 2.926E-14  891.5
  298.0 2.862E-14  891.6
  299.0 2.801E-14  891.6
  300.0 2.740E-14  891.7
  301.0 2.681E-14  891.8
  302.0 2.623E-14  891.8
  303.0 2.567E-14  891.9
  304.0 2.512E-14  891.9
  305.0 2.458E-14  892.0
  306.0 2.406E-14  892.0
  307.0 2.355E-14  892.1
  308.0 2.305E-14  892.1
  309.0 2.256E-14  892.2
  310.0 2.208E-14  892.2
  311.0 2.161E-14  892.3
  312.0 2.116E-14  892.3
  313.0 2.071E-14  892.3
  314.0 2.027E-14  892.4
  315.0 1.985E-14  892.4
  316.0 1.943E-14  892.5
  317.0 1.903E-14  892.5
  318.0 1.863E-14  892.5
  319.0 1.824E-14  892.6
  320.0 1.786E-14  892.6
  321.0 1.749E-14  892.6
  322.0 1.712E-14  892.7
  323.0 1.677E-14  892.7
  324.0 1.642E-14  892.7
  325.0 1.608E-14  892.7
  326.0 1.575E-14  892.8
  327.0 1.543E-14  892.8
  328.0 1.511E-14  892.8
  329.0 1.480E-14  892.9
  330.0 1.450E-14  892.9
  331.0 1.420E-14  892.9
  332.0 1.391E-14  892.9
  333.0 1.362E-14  892.9
  334.0 1.335E-14  893.0
  335.0 1.307E-14  893.0
  336.0 1.281E-14  893.0
  337.0 1.255E-14  893.0
  338.0 1.229E-14  893.0
  339.0 1.204E-14  893.1
  340.0 1.180E-14  893.1
  341.0 1.156E-14  893.1
  342.0 1.133E-14  893.1
  343.0 1.110E-14  893.1
  344.0 1.088E-14  893.2
  345.0 1.066E-14  893.2
  346.0 1.045E-14  893.2
  347.0 1.024E-14  893.2
  348.0 1.003E-14  893.2
  349.0 9.831E-15  893.2
  350.0 9.635E-15  893.2
  351.0 9.443E-15  893.3
  352.0 9.255E-15  893.3
  353.0 9.071E-15  893.3
  354.0 8.891E-15  893.3
  355.0 8.714E-15  893.3
  356.0 8.542E-15  893.3
  357.0 8.373E-15  893.3
  358.0 8.207E-15  893.3
  359.0 8.045E-15  893.3
  360.0 7.887E-15  893.4
  361.0 7.731E-15  893.4
  362.0 7.579E-15  893.4
  363.0 7.431E-15  893.4
  364.0 7.285E-15  893.4
  365.0 7.142E-15  893.4
  366.0 7.002E-15  893.4
  367.0 6.865E-15  893.4
  368.0 6.731E-15  893.4
  369.0 6.600E-15  893.4
  370.0 6.471E-15  893.4
  371.0 6.345E-15  893.4
  372.0 6.222E-15  893.5
  373.0 6.101E-15  893.5
  374.0 5.983E-15  893.5
  375.0 5.867E-15  893.5
  376.0 5.753E-15  893.5
  377.0 5.642E-15  893.5
  378.0 5.533E-15  893.5
  379.0 5.426E-15  893.5
  380.0 5.321E-15  893.5
  381.0 5.219E-15  893.5
  382.0 5.118E-15  893.5
  383.0 5.020E-15  893.5
  384.0 4.924E-15  893.5
  385.0 4.829E-15  893.5
  386.0 4.737E-15  893.5
  387.0 4.646E-15  893.5
  388.0 4.557E-15  893.5
  389.0 4.470E-15  893.5
  390.0 4.385E-15  893.5
  391.0 4.301E-15  893.5
  392.0 4.219E-15  893.6
  393.0 4.139E-15  893.6
  394.0 4.060E-15  893.6
  395.0 3.983E-15  893.6
  396.0 3.908E-15  893.6
  397.0 3.834E-15  893.6
  398.0 3.761E-15  893.6
  399.0 3.690E-15  893.6
  400.0 3.620E-15  893.6